-7767633
-4332564
-9946137
-4303551
-6620494
-7694658
-711780
-3192159
-5403054
-8552370
-1373307
-739654
-5074454
-2506901
-5410245
-2065653
-7522818
-2344026
-1187824
-801811
-5597732
-6846458
-338552
-3273664
-3911318
-7930522
-2503501
-59119
-8386054
-6027747
-593376
-5311281
-2128530
-94586
-8815988
-9384843
-9645744
-3540425
-3101641
-4736164
-2179166
-891857
-2462847
-8203876
-489768
-691575
-5474590
-4677538
-9391792
-7785564
-2299626
-2139654
-6244342
-898121
-1722630
-3868727
-7939321
-3723229
-805296
-7588514
-892803
-2524639
-6137116
-2737712
-7330706
-5790069
-5042300
-4769722
-7173143
-2715585
-8976825
-9961075
-1538518
-4691571
-9603084
-9655205
-9771157
-2421784
-3947702
-4936704
